,MPG,Cylinders,Displacement,Horsepower,Weight,Acceleration,Model Year,Europe,Japan,USA
0,18.0,8,307.0,130.0,3504.0,12.0,70,False,False,True
1,15.0,8,350.0,165.0,3693.0,11.5,70,False,False,True
2,18.0,8,318.0,150.0,3436.0,11.0,70,False,False,True
3,16.0,8,304.0,150.0,3433.0,12.0,70,False,False,True
4,17.0,8,302.0,140.0,3449.0,10.5,70,False,False,True
5,15.0,8,429.0,198.0,4341.0,10.0,70,False,False,True
6,14.0,8,454.0,220.0,4354.0,9.0,70,False,False,True
7,14.0,8,440.0,215.0,4312.0,8.5,70,False,False,True
8,14.0,8,455.0,225.0,4425.0,10.0,70,False,False,True
9,15.0,8,390.0,190.0,3850.0,8.5,70,False,False,True
10,15.0,8,383.0,170.0,3563.0,10.0,70,False,False,True
11,14.0,8,340.0,160.0,3609.0,8.0,70,False,False,True
12,15.0,8,400.0,150.0,3761.0,9.5,70,False,False,True
13,14.0,8,455.0,225.0,3086.0,10.0,70,False,False,True
14,24.0,4,113.0,95.0,2372.0,15.0,70,False,True,False
15,22.0,6,198.0,95.0,2833.0,15.5,70,False,False,True
16,18.0,6,199.0,97.0,2774.0,15.5,70,False,False,True
17,21.0,6,200.0,85.0,2587.0,16.0,70,False,False,True
18,27.0,4,97.0,88.0,2130.0,14.5,70,False,True,False
19,26.0,4,97.0,46.0,1835.0,20.5,70,True,False,False
20,25.0,4,110.0,87.0,2672.0,17.5,70,True,False,False
21,24.0,4,107.0,90.0,2430.0,14.5,70,True,False,False
22,25.0,4,104.0,95.0,2375.0,17.5,70,True,False,False
23,26.0,4,121.0,113.0,2234.0,12.5,70,True,False,False
24,21.0,6,199.0,90.0,2648.0,15.0,70,False,False,True
25,10.0,8,360.0,215.0,4615.0,14.0,70,False,False,True
26,10.0,8,307.0,200.0,4376.0,15.0,70,False,False,True
27,11.0,8,318.0,210.0,4382.0,13.5,70,False,False,True
28,9.0,8,304.0,193.0,4732.0,18.5,70,False,False,True
29,27.0,4,97.0,88.0,2130.0,14.5,71,False,True,False
30,28.0,4,140.0,90.0,2264.0,15.5,71,False,False,True
31,25.0,4,113.0,95.0,2228.0,14.0,71,False,True,False
33,19.0,6,232.0,100.0,2634.0,13.0,71,False,False,True
34,16.0,6,225.0,105.0,3439.0,15.5,71,False,False,True
35,17.0,6,250.0,100.0,3329.0,15.5,71,False,False,True
36,19.0,6,250.0,88.0,3302.0,15.5,71,False,False,True
37,18.0,6,232.0,100.0,3288.0,15.5,71,False,False,True
38,14.0,8,350.0,165.0,4209.0,12.0,71,False,False,True
39,14.0,8,400.0,175.0,4464.0,11.5,71,False,False,True
40,14.0,8,351.0,153.0,4154.0,13.5,71,False,False,True
41,14.0,8,318.0,150.0,4096.0,13.0,71,False,False,True
42,12.0,8,383.0,180.0,4955.0,11.5,71,False,False,True
43,13.0,8,400.0,170.0,4746.0,12.0,71,False,False,True
44,13.0,8,400.0,175.0,5140.0,12.0,71,False,False,True
45,18.0,6,258.0,110.0,2962.0,13.5,71,False,False,True
46,22.0,4,140.0,72.0,2408.0,19.0,71,False,False,True
47,19.0,6,250.0,100.0,3282.0,15.0,71,False,False,True
48,18.0,6,250.0,88.0,3139.0,14.5,71,False,False,True
49,23.0,4,122.0,86.0,2220.0,14.0,71,False,False,True
50,28.0,4,116.0,90.0,2123.0,14.0,71,True,False,False
51,30.0,4,79.0,70.0,2074.0,19.5,71,True,False,False
52,30.0,4,88.0,76.0,2065.0,14.5,71,True,False,False
53,31.0,4,71.0,65.0,1773.0,19.0,71,False,True,False
54,35.0,4,72.0,69.0,1613.0,18.0,71,False,True,False
55,27.0,4,97.0,60.0,1834.0,19.0,71,True,False,False
56,26.0,4,91.0,70.0,1955.0,20.5,71,False,False,True
57,24.0,4,113.0,95.0,2278.0,15.5,72,False,True,False
58,25.0,4,97.5,80.0,2126.0,17.0,72,False,False,True
59,23.0,4,97.0,54.0,2254.0,23.5,72,True,False,False
60,20.0,4,140.0,90.0,2408.0,19.5,72,False,False,True
61,21.0,4,122.0,86.0,2226.0,16.5,72,False,False,True
62,13.0,8,350.0,165.0,4274.0,12.0,72,False,False,True
63,14.0,8,400.0,175.0,4385.0,12.0,72,False,False,True
64,15.0,8,318.0,150.0,4135.0,13.5,72,False,False,True
65,14.0,8,351.0,153.0,4129.0,13.0,72,False,False,True
66,17.0,8,304.0,150.0,3672.0,11.5,72,False,False,True
67,11.0,8,429.0,208.0,4633.0,11.0,72,False,False,True
68,13.0,8,350.0,155.0,4502.0,13.5,72,False,False,True
69,12.0,8,350.0,160.0,4456.0,13.5,72,False,False,True
70,13.0,8,400.0,190.0,4422.0,12.5,72,False,False,True
71,19.0,3,70.0,97.0,2330.0,13.5,72,False,True,False
72,15.0,8,304.0,150.0,3892.0,12.5,72,False,False,True
73,13.0,8,307.0,130.0,4098.0,14.0,72,False,False,True
74,13.0,8,302.0,140.0,4294.0,16.0,72,False,False,True
75,14.0,8,318.0,150.0,4077.0,14.0,72,False,False,True
76,18.0,4,121.0,112.0,2933.0,14.5,72,True,False,False
77,22.0,4,121.0,76.0,2511.0,18.0,72,True,False,False
78,21.0,4,120.0,87.0,2979.0,19.5,72,True,False,False
79,26.0,4,96.0,69.0,2189.0,18.0,72,True,False,False
80,22.0,4,122.0,86.0,2395.0,16.0,72,False,False,True
81,28.0,4,97.0,92.0,2288.0,17.0,72,False,True,False
82,23.0,4,120.0,97.0,2506.0,14.5,72,False,True,False
83,28.0,4,98.0,80.0,2164.0,15.0,72,False,False,True
84,27.0,4,97.0,88.0,2100.0,16.5,72,False,True,False
85,13.0,8,350.0,175.0,4100.0,13.0,73,False,False,True
86,14.0,8,304.0,150.0,3672.0,11.5,73,False,False,True
87,13.0,8,350.0,145.0,3988.0,13.0,73,False,False,True
88,14.0,8,302.0,137.0,4042.0,14.5,73,False,False,True
89,15.0,8,318.0,150.0,3777.0,12.5,73,False,False,True
90,12.0,8,429.0,198.0,4952.0,11.5,73,False,False,True
91,13.0,8,400.0,150.0,4464.0,12.0,73,False,False,True
92,13.0,8,351.0,158.0,4363.0,13.0,73,False,False,True
93,14.0,8,318.0,150.0,4237.0,14.5,73,False,False,True
94,13.0,8,440.0,215.0,4735.0,11.0,73,False,False,True
95,12.0,8,455.0,225.0,4951.0,11.0,73,False,False,True
96,13.0,8,360.0,175.0,3821.0,11.0,73,False,False,True
97,18.0,6,225.0,105.0,3121.0,16.5,73,False,False,True
98,16.0,6,250.0,100.0,3278.0,18.0,73,False,False,True
99,18.0,6,232.0,100.0,2945.0,16.0,73,False,False,True
100,18.0,6,250.0,88.0,3021.0,16.5,73,False,False,True
101,23.0,6,198.0,95.0,2904.0,16.0,73,False,False,True
102,26.0,4,97.0,46.0,1950.0,21.0,73,True,False,False
103,11.0,8,400.0,150.0,4997.0,14.0,73,False,False,True
104,12.0,8,400.0,167.0,4906.0,12.5,73,False,False,True
105,13.0,8,360.0,170.0,4654.0,13.0,73,False,False,True
106,12.0,8,350.0,180.0,4499.0,12.5,73,False,False,True
107,18.0,6,232.0,100.0,2789.0,15.0,73,False,False,True
108,20.0,4,97.0,88.0,2279.0,19.0,73,False,True,False
109,21.0,4,140.0,72.0,2401.0,19.5,73,False,False,True
110,22.0,4,108.0,94.0,2379.0,16.5,73,False,True,False
111,18.0,3,70.0,90.0,2124.0,13.5,73,False,True,False
112,19.0,4,122.0,85.0,2310.0,18.5,73,False,False,True
113,21.0,6,155.0,107.0,2472.0,14.0,73,False,False,True
114,26.0,4,98.0,90.0,2265.0,15.5,73,True,False,False
115,15.0,8,350.0,145.0,4082.0,13.0,73,False,False,True
116,16.0,8,400.0,230.0,4278.0,9.5,73,False,False,True
117,29.0,4,68.0,49.0,1867.0,19.5,73,True,False,False
118,24.0,4,116.0,75.0,2158.0,15.5,73,True,False,False
119,20.0,4,114.0,91.0,2582.0,14.0,73,True,False,False
120,19.0,4,121.0,112.0,2868.0,15.5,73,True,False,False
121,15.0,8,318.0,150.0,3399.0,11.0,73,False,False,True
122,24.0,4,121.0,110.0,2660.0,14.0,73,True,False,False
123,20.0,6,156.0,122.0,2807.0,13.5,73,False,True,False
124,11.0,8,350.0,180.0,3664.0,11.0,73,False,False,True
125,20.0,6,198.0,95.0,3102.0,16.5,74,False,False,True
127,19.0,6,232.0,100.0,2901.0,16.0,74,False,False,True
128,15.0,6,250.0,100.0,3336.0,17.0,74,False,False,True
129,31.0,4,79.0,67.0,1950.0,19.0,74,False,True,False
130,26.0,4,122.0,80.0,2451.0,16.5,74,False,False,True
131,32.0,4,71.0,65.0,1836.0,21.0,74,False,True,False
132,25.0,4,140.0,75.0,2542.0,17.0,74,False,False,True
133,16.0,6,250.0,100.0,3781.0,17.0,74,False,False,True
134,16.0,6,258.0,110.0,3632.0,18.0,74,False,False,True
135,18.0,6,225.0,105.0,3613.0,16.5,74,False,False,True
136,16.0,8,302.0,140.0,4141.0,14.0,74,False,False,True
137,13.0,8,350.0,150.0,4699.0,14.5,74,False,False,True
138,14.0,8,318.0,150.0,4457.0,13.5,74,False,False,True
139,14.0,8,302.0,140.0,4638.0,16.0,74,False,False,True
140,14.0,8,304.0,150.0,4257.0,15.5,74,False,False,True
141,29.0,4,98.0,83.0,2219.0,16.5,74,True,False,False
142,26.0,4,79.0,67.0,1963.0,15.5,74,True,False,False
143,26.0,4,97.0,78.0,2300.0,14.5,74,True,False,False
144,31.0,4,76.0,52.0,1649.0,16.5,74,False,True,False
145,32.0,4,83.0,61.0,2003.0,19.0,74,False,True,False
146,28.0,4,90.0,75.0,2125.0,14.5,74,False,False,True
147,24.0,4,90.0,75.0,2108.0,15.5,74,True,False,False
148,26.0,4,116.0,75.0,2246.0,14.0,74,True,False,False
149,24.0,4,120.0,97.0,2489.0,15.0,74,False,True,False
150,26.0,4,108.0,93.0,2391.0,15.5,74,False,True,False
151,31.0,4,79.0,67.0,2000.0,16.0,74,True,False,False
152,19.0,6,225.0,95.0,3264.0,16.0,75,False,False,True
153,18.0,6,250.0,105.0,3459.0,16.0,75,False,False,True
154,15.0,6,250.0,72.0,3432.0,21.0,75,False,False,True
155,15.0,6,250.0,72.0,3158.0,19.5,75,False,False,True
156,16.0,8,400.0,170.0,4668.0,11.5,75,False,False,True
157,15.0,8,350.0,145.0,4440.0,14.0,75,False,False,True
158,16.0,8,318.0,150.0,4498.0,14.5,75,False,False,True
159,14.0,8,351.0,148.0,4657.0,13.5,75,False,False,True
160,17.0,6,231.0,110.0,3907.0,21.0,75,False,False,True
161,16.0,6,250.0,105.0,3897.0,18.5,75,False,False,True
162,15.0,6,258.0,110.0,3730.0,19.0,75,False,False,True
163,18.0,6,225.0,95.0,3785.0,19.0,75,False,False,True
164,21.0,6,231.0,110.0,3039.0,15.0,75,False,False,True
165,20.0,8,262.0,110.0,3221.0,13.5,75,False,False,True
166,13.0,8,302.0,129.0,3169.0,12.0,75,False,False,True
167,29.0,4,97.0,75.0,2171.0,16.0,75,False,True,False
168,23.0,4,140.0,83.0,2639.0,17.0,75,False,False,True
169,20.0,6,232.0,100.0,2914.0,16.0,75,False,False,True
170,23.0,4,140.0,78.0,2592.0,18.5,75,False,False,True
171,24.0,4,134.0,96.0,2702.0,13.5,75,False,True,False
172,25.0,4,90.0,71.0,2223.0,16.5,75,True,False,False
173,24.0,4,119.0,97.0,2545.0,17.0,75,False,True,False
174,18.0,6,171.0,97.0,2984.0,14.5,75,False,False,True
175,29.0,4,90.0,70.0,1937.0,14.0,75,True,False,False
176,19.0,6,232.0,90.0,3211.0,17.0,75,False,False,True
177,23.0,4,115.0,95.0,2694.0,15.0,75,True,False,False
178,23.0,4,120.0,88.0,2957.0,17.0,75,True,False,False
179,22.0,4,121.0,98.0,2945.0,14.5,75,True,False,False
180,25.0,4,121.0,115.0,2671.0,13.5,75,True,False,False
181,33.0,4,91.0,53.0,1795.0,17.5,75,False,True,False
182,28.0,4,107.0,86.0,2464.0,15.5,76,True,False,False
183,25.0,4,116.0,81.0,2220.0,16.9,76,True,False,False
184,25.0,4,140.0,92.0,2572.0,14.9,76,False,False,True
185,26.0,4,98.0,79.0,2255.0,17.7,76,False,False,True
186,27.0,4,101.0,83.0,2202.0,15.3,76,True,False,False
187,17.5,8,305.0,140.0,4215.0,13.0,76,False,False,True
188,16.0,8,318.0,150.0,4190.0,13.0,76,False,False,True
189,15.5,8,304.0,120.0,3962.0,13.9,76,False,False,True
190,14.5,8,351.0,152.0,4215.0,12.8,76,False,False,True
191,22.0,6,225.0,100.0,3233.0,15.4,76,False,False,True
192,22.0,6,250.0,105.0,3353.0,14.5,76,False,False,True
193,24.0,6,200.0,81.0,3012.0,17.6,76,False,False,True
194,22.5,6,232.0,90.0,3085.0,17.6,76,False,False,True
195,29.0,4,85.0,52.0,2035.0,22.2,76,False,False,True
196,24.5,4,98.0,60.0,2164.0,22.1,76,False,False,True
197,29.0,4,90.0,70.0,1937.0,14.2,76,True,False,False
198,33.0,4,91.0,53.0,1795.0,17.4,76,False,True,False
199,20.0,6,225.0,100.0,3651.0,17.7,76,False,False,True
200,18.0,6,250.0,78.0,3574.0,21.0,76,False,False,True
201,18.5,6,250.0,110.0,3645.0,16.2,76,False,False,True
202,17.5,6,258.0,95.0,3193.0,17.8,76,False,False,True
203,29.5,4,97.0,71.0,1825.0,12.2,76,True,False,False
204,32.0,4,85.0,70.0,1990.0,17.0,76,False,True,False
205,28.0,4,97.0,75.0,2155.0,16.4,76,False,True,False
206,26.5,4,140.0,72.0,2565.0,13.6,76,False,False,True
207,20.0,4,130.0,102.0,3150.0,15.7,76,True,False,False
208,13.0,8,318.0,150.0,3940.0,13.2,76,False,False,True
209,19.0,4,120.0,88.0,3270.0,21.9,76,True,False,False
210,19.0,6,156.0,108.0,2930.0,15.5,76,False,True,False
211,16.5,6,168.0,120.0,3820.0,16.7,76,True,False,False
212,16.5,8,350.0,180.0,4380.0,12.1,76,False,False,True
213,13.0,8,350.0,145.0,4055.0,12.0,76,False,False,True
214,13.0,8,302.0,130.0,3870.0,15.0,76,False,False,True
215,13.0,8,318.0,150.0,3755.0,14.0,76,False,False,True
216,31.5,4,98.0,68.0,2045.0,18.5,77,False,True,False
217,30.0,4,111.0,80.0,2155.0,14.8,77,False,False,True
218,36.0,4,79.0,58.0,1825.0,18.6,77,True,False,False
219,25.5,4,122.0,96.0,2300.0,15.5,77,False,False,True
220,33.5,4,85.0,70.0,1945.0,16.8,77,False,True,False
221,17.5,8,305.0,145.0,3880.0,12.5,77,False,False,True
222,17.0,8,260.0,110.0,4060.0,19.0,77,False,False,True
223,15.5,8,318.0,145.0,4140.0,13.7,77,False,False,True
224,15.0,8,302.0,130.0,4295.0,14.9,77,False,False,True
225,17.5,6,250.0,110.0,3520.0,16.4,77,False,False,True
226,20.5,6,231.0,105.0,3425.0,16.9,77,False,False,True
227,19.0,6,225.0,100.0,3630.0,17.7,77,False,False,True
228,18.5,6,250.0,98.0,3525.0,19.0,77,False,False,True
229,16.0,8,400.0,180.0,4220.0,11.1,77,False,False,True
230,15.5,8,350.0,170.0,4165.0,11.4,77,False,False,True
231,15.5,8,400.0,190.0,4325.0,12.2,77,False,False,True
232,16.0,8,351.0,149.0,4335.0,14.5,77,False,False,True
233,29.0,4,97.0,78.0,1940.0,14.5,77,True,False,False
234,24.5,4,151.0,88.0,2740.0,16.0,77,False,False,True
235,26.0,4,97.0,75.0,2265.0,18.2,77,False,True,False
236,25.5,4,140.0,89.0,2755.0,15.8,77,False,False,True
237,30.5,4,98.0,63.0,2051.0,17.0,77,False,False,True
238,33.5,4,98.0,83.0,2075.0,15.9,77,False,False,True
239,30.0,4,97.0,67.0,1985.0,16.4,77,False,True,False
240,30.5,4,97.0,78.0,2190.0,14.1,77,True,False,False
241,22.0,6,146.0,97.0,2815.0,14.5,77,False,True,False
242,21.5,4,121.0,110.0,2600.0,12.8,77,True,False,False
243,21.5,3,80.0,110.0,2720.0,13.5,77,False,True,False
244,43.1,4,90.0,48.0,1985.0,21.5,78,True,False,False
245,36.1,4,98.0,66.0,1800.0,14.4,78,False,False,True
246,32.8,4,78.0,52.0,1985.0,19.4,78,False,True,False
247,39.4,4,85.0,70.0,2070.0,18.6,78,False,True,False
248,36.1,4,91.0,60.0,1800.0,16.4,78,False,True,False
249,19.9,8,260.0,110.0,3365.0,15.5,78,False,False,True
250,19.4,8,318.0,140.0,3735.0,13.2,78,False,False,True
251,20.2,8,302.0,139.0,3570.0,12.8,78,False,False,True
252,19.2,6,231.0,105.0,3535.0,19.2,78,False,False,True
253,20.5,6,200.0,95.0,3155.0,18.2,78,False,False,True
254,20.2,6,200.0,85.0,2965.0,15.8,78,False,False,True
255,25.1,4,140.0,88.0,2720.0,15.4,78,False,False,True
256,20.5,6,225.0,100.0,3430.0,17.2,78,False,False,True
257,19.4,6,232.0,90.0,3210.0,17.2,78,False,False,True
258,20.6,6,231.0,105.0,3380.0,15.8,78,False,False,True
259,20.8,6,200.0,85.0,3070.0,16.7,78,False,False,True
260,18.6,6,225.0,110.0,3620.0,18.7,78,False,False,True
261,18.1,6,258.0,120.0,3410.0,15.1,78,False,False,True
262,19.2,8,305.0,145.0,3425.0,13.2,78,False,False,True
263,17.7,6,231.0,165.0,3445.0,13.4,78,False,False,True
264,18.1,8,302.0,139.0,3205.0,11.2,78,False,False,True
265,17.5,8,318.0,140.0,4080.0,13.7,78,False,False,True
266,30.0,4,98.0,68.0,2155.0,16.5,78,False,False,True
267,27.5,4,134.0,95.0,2560.0,14.2,78,False,True,False
268,27.2,4,119.0,97.0,2300.0,14.7,78,False,True,False
269,30.9,4,105.0,75.0,2230.0,14.5,78,False,False,True
270,21.1,4,134.0,95.0,2515.0,14.8,78,False,True,False
271,23.2,4,156.0,105.0,2745.0,16.7,78,False,False,True
272,23.8,4,151.0,85.0,2855.0,17.6,78,False,False,True
273,23.9,4,119.0,97.0,2405.0,14.9,78,False,True,False
274,20.3,5,131.0,103.0,2830.0,15.9,78,True,False,False
275,17.0,6,163.0,125.0,3140.0,13.6,78,True,False,False
276,21.6,4,121.0,115.0,2795.0,15.7,78,True,False,False
277,16.2,6,163.0,133.0,3410.0,15.8,78,True,False,False
278,31.5,4,89.0,71.0,1990.0,14.9,78,True,False,False
279,29.5,4,98.0,68.0,2135.0,16.6,78,False,True,False
280,21.5,6,231.0,115.0,3245.0,15.4,79,False,False,True
281,19.8,6,200.0,85.0,2990.0,18.2,79,False,False,True
282,22.3,4,140.0,88.0,2890.0,17.3,79,False,False,True
283,20.2,6,232.0,90.0,3265.0,18.2,79,False,False,True
284,20.6,6,225.0,110.0,3360.0,16.6,79,False,False,True
285,17.0,8,305.0,130.0,3840.0,15.4,79,False,False,True
286,17.6,8,302.0,129.0,3725.0,13.4,79,False,False,True
287,16.5,8,351.0,138.0,3955.0,13.2,79,False,False,True
288,18.2,8,318.0,135.0,3830.0,15.2,79,False,False,True
289,16.9,8,350.0,155.0,4360.0,14.9,79,False,False,True
290,15.5,8,351.0,142.0,4054.0,14.3,79,False,False,True
291,19.2,8,267.0,125.0,3605.0,15.0,79,False,False,True
292,18.5,8,360.0,150.0,3940.0,13.0,79,False,False,True
293,31.9,4,89.0,71.0,1925.0,14.0,79,True,False,False
294,34.1,4,86.0,65.0,1975.0,15.2,79,False,True,False
295,35.7,4,98.0,80.0,1915.0,14.4,79,False,False,True
296,27.4,4,121.0,80.0,2670.0,15.0,79,False,False,True
297,25.4,5,183.0,77.0,3530.0,20.1,79,True,False,False
298,23.0,8,350.0,125.0,3900.0,17.4,79,False,False,True
299,27.2,4,141.0,71.0,3190.0,24.8,79,True,False,False
300,23.9,8,260.0,90.0,3420.0,22.2,79,False,False,True
301,34.2,4,105.0,70.0,2200.0,13.2,79,False,False,True
302,34.5,4,105.0,70.0,2150.0,14.9,79,False,False,True
303,31.8,4,85.0,65.0,2020.0,19.2,79,False,True,False
304,37.3,4,91.0,69.0,2130.0,14.7,79,True,False,False
305,28.4,4,151.0,90.0,2670.0,16.0,79,False,False,True
306,28.8,6,173.0,115.0,2595.0,11.3,79,False,False,True
307,26.8,6,173.0,115.0,2700.0,12.9,79,False,False,True
308,33.5,4,151.0,90.0,2556.0,13.2,79,False,False,True
309,41.5,4,98.0,76.0,2144.0,14.7,80,True,False,False
310,38.1,4,89.0,60.0,1968.0,18.8,80,False,True,False
311,32.1,4,98.0,70.0,2120.0,15.5,80,False,False,True
312,37.2,4,86.0,65.0,2019.0,16.4,80,False,True,False
313,28.0,4,151.0,90.0,2678.0,16.5,80,False,False,True
314,26.4,4,140.0,88.0,2870.0,18.1,80,False,False,True
315,24.3,4,151.0,90.0,3003.0,20.1,80,False,False,True
316,19.1,6,225.0,90.0,3381.0,18.7,80,False,False,True
317,34.3,4,97.0,78.0,2188.0,15.8,80,True,False,False
318,29.8,4,134.0,90.0,2711.0,15.5,80,False,True,False
319,31.3,4,120.0,75.0,2542.0,17.5,80,False,True,False
320,37.0,4,119.0,92.0,2434.0,15.0,80,False,True,False
321,32.2,4,108.0,75.0,2265.0,15.2,80,False,True,False
322,46.6,4,86.0,65.0,2110.0,17.9,80,False,True,False
323,27.9,4,156.0,105.0,2800.0,14.4,80,False,False,True
324,40.8,4,85.0,65.0,2110.0,19.2,80,False,True,False
325,44.3,4,90.0,48.0,2085.0,21.7,80,True,False,False
326,43.4,4,90.0,48.0,2335.0,23.7,80,True,False,False
327,36.4,5,121.0,67.0,2950.0,19.9,80,True,False,False
328,30.0,4,146.0,67.0,3250.0,21.8,80,True,False,False
329,44.6,4,91.0,67.0,1850.0,13.8,80,False,True,False
331,33.8,4,97.0,67.0,2145.0,18.0,80,False,True,False
332,29.8,4,89.0,62.0,1845.0,15.3,80,True,False,False
333,32.7,6,168.0,132.0,2910.0,11.4,80,False,True,False
334,23.7,3,70.0,100.0,2420.0,12.5,80,False,True,False
335,35.0,4,122.0,88.0,2500.0,15.1,80,True,False,False
337,32.4,4,107.0,72.0,2290.0,17.0,80,False,True,False
338,27.2,4,135.0,84.0,2490.0,15.7,81,False,False,True
339,26.6,4,151.0,84.0,2635.0,16.4,81,False,False,True
340,25.8,4,156.0,92.0,2620.0,14.4,81,False,False,True
341,23.5,6,173.0,110.0,2725.0,12.6,81,False,False,True
342,30.0,4,135.0,84.0,2385.0,12.9,81,False,False,True
343,39.1,4,79.0,58.0,1755.0,16.9,81,False,True,False
344,39.0,4,86.0,64.0,1875.0,16.4,81,False,False,True
345,35.1,4,81.0,60.0,1760.0,16.1,81,False,True,False
346,32.3,4,97.0,67.0,2065.0,17.8,81,False,True,False
347,37.0,4,85.0,65.0,1975.0,19.4,81,False,True,False
348,37.7,4,89.0,62.0,2050.0,17.3,81,False,True,False
349,34.1,4,91.0,68.0,1985.0,16.0,81,False,True,False
350,34.7,4,105.0,63.0,2215.0,14.9,81,False,False,True
351,34.4,4,98.0,65.0,2045.0,16.2,81,False,False,True
352,29.9,4,98.0,65.0,2380.0,20.7,81,False,False,True
353,33.0,4,105.0,74.0,2190.0,14.2,81,True,False,False
355,33.7,4,107.0,75.0,2210.0,14.4,81,False,True,False
356,32.4,4,108.0,75.0,2350.0,16.8,81,False,True,False
357,32.9,4,119.0,100.0,2615.0,14.8,81,False,True,False
358,31.6,4,120.0,74.0,2635.0,18.3,81,False,True,False
359,28.1,4,141.0,80.0,3230.0,20.4,81,True,False,False
360,30.7,6,145.0,76.0,3160.0,19.6,81,True,False,False
361,25.4,6,168.0,116.0,2900.0,12.6,81,False,True,False
362,24.2,6,146.0,120.0,2930.0,13.8,81,False,True,False
363,22.4,6,231.0,110.0,3415.0,15.8,81,False,False,True
364,26.6,8,350.0,105.0,3725.0,19.0,81,False,False,True
365,20.2,6,200.0,88.0,3060.0,17.1,81,False,False,True
366,17.6,6,225.0,85.0,3465.0,16.6,81,False,False,True
367,28.0,4,112.0,88.0,2605.0,19.6,82,False,False,True
368,27.0,4,112.0,88.0,2640.0,18.6,82,False,False,True
369,34.0,4,112.0,88.0,2395.0,18.0,82,False,False,True
370,31.0,4,112.0,85.0,2575.0,16.2,82,False,False,True
371,29.0,4,135.0,84.0,2525.0,16.0,82,False,False,True
372,27.0,4,151.0,90.0,2735.0,18.0,82,False,False,True
373,24.0,4,140.0,92.0,2865.0,16.4,82,False,False,True
375,36.0,4,105.0,74.0,1980.0,15.3,82,True,False,False
376,37.0,4,91.0,68.0,2025.0,18.2,82,False,True,False
377,31.0,4,91.0,68.0,1970.0,17.6,82,False,True,False
378,38.0,4,105.0,63.0,2125.0,14.7,82,False,False,True
379,36.0,4,98.0,70.0,2125.0,17.3,82,False,False,True
380,36.0,4,120.0,88.0,2160.0,14.5,82,False,True,False
381,36.0,4,107.0,75.0,2205.0,14.5,82,False,True,False
382,34.0,4,108.0,70.0,2245.0,16.9,82,False,True,False
383,38.0,4,91.0,67.0,1965.0,15.0,82,False,True,False
384,32.0,4,91.0,67.0,1965.0,15.7,82,False,True,False
385,38.0,4,91.0,67.0,1995.0,16.2,82,False,True,False
386,25.0,6,181.0,110.0,2945.0,16.4,82,False,False,True
387,38.0,6,262.0,85.0,3015.0,17.0,82,False,False,True
388,26.0,4,156.0,92.0,2585.0,14.5,82,False,False,True
389,22.0,6,232.0,112.0,2835.0,14.7,82,False,False,True
390,32.0,4,144.0,96.0,2665.0,13.9,82,False,True,False
391,36.0,4,135.0,84.0,2370.0,13.0,82,False,False,True
392,27.0,4,151.0,90.0,2950.0,17.3,82,False,False,True
393,27.0,4,140.0,86.0,2790.0,15.6,82,False,False,True
394,44.0,4,97.0,52.0,2130.0,24.6,82,True,False,False
395,32.0,4,135.0,84.0,2295.0,11.6,82,False,False,True
396,28.0,4,120.0,79.0,2625.0,18.6,82,False,False,True
397,31.0,4,119.0,82.0,2720.0,19.4,82,False,False,True
